{
 "cells": [
  {
   "cell_type": "code",
   "execution_count": 1,
   "metadata": {},
   "outputs": [],
   "source": [
    "# Robert Malongo\n",
    "# Facebook advertising campaign\n",
    "# 05/06/2020\n",
    "\n",
    "# For data manipulation\n",
    "import pandas as pd\n",
    "import numpy as np\n",
    "\n",
    "# For visualizations\n",
    "import seaborn as sns\n",
    "sns.set()\n",
    "%matplotlib inline\n",
    "import matplotlib.pyplot as plt\n",
    "from matplotlib.pyplot import figure\n",
    "from mpl_toolkits.mplot3d import Axes3D\n",
    "\n",
    "# For Training and testing\n",
    "from sklearn.model_selection import train_test_split\n",
    "# cross validation machinery\n",
    "from sklearn.model_selection import cross_val_score\n",
    "from sklearn.model_selection import cross_validate\n",
    "from sklearn.model_selection import ShuffleSplit\n",
    "from sklearn.pipeline import make_pipeline\n",
    "from sklearn.preprocessing import StandardScaler\n",
    "from sklearn.model_selection import GridSearchCV"
   ]
  },
  {
   "cell_type": "code",
   "execution_count": 2,
   "metadata": {},
   "outputs": [],
   "source": [
    "# Import data\n",
    "arc_df = pd.read_csv(\"Analytics___Data_Science_Summer_Associate_Exercise_Data.csv\")"
   ]
  },
  {
   "cell_type": "code",
   "execution_count": 3,
   "metadata": {},
   "outputs": [
    {
     "data": {
      "text/plain": [
       "(259, 19)"
      ]
     },
     "execution_count": 3,
     "metadata": {},
     "output_type": "execute_result"
    }
   ],
   "source": [
    "# Dataframe structure\n",
    "arc_df.shape"
   ]
  },
  {
   "cell_type": "code",
   "execution_count": 4,
   "metadata": {},
   "outputs": [
    {
     "data": {
      "text/html": [
       "<div>\n",
       "<style scoped>\n",
       "    .dataframe tbody tr th:only-of-type {\n",
       "        vertical-align: middle;\n",
       "    }\n",
       "\n",
       "    .dataframe tbody tr th {\n",
       "        vertical-align: top;\n",
       "    }\n",
       "\n",
       "    .dataframe thead th {\n",
       "        text-align: right;\n",
       "    }\n",
       "</style>\n",
       "<table border=\"1\" class=\"dataframe\">\n",
       "  <thead>\n",
       "    <tr style=\"text-align: right;\">\n",
       "      <th></th>\n",
       "      <th>Ad_Set_Name</th>\n",
       "      <th>Age</th>\n",
       "      <th>Gender</th>\n",
       "      <th>Reach</th>\n",
       "      <th>Frequency</th>\n",
       "      <th>Amount Spent (USD)</th>\n",
       "      <th>Impressions</th>\n",
       "      <th>CPM (Cost per 1,000 Impressions) (USD)</th>\n",
       "      <th>Link Clicks</th>\n",
       "      <th>CPC (Cost per Link Click) (USD)</th>\n",
       "      <th>CTR (Link Click-Through Rate)</th>\n",
       "      <th>Cost per 1,000 People Reached (USD)</th>\n",
       "      <th>Website Registrations Completed</th>\n",
       "      <th>Website Leads</th>\n",
       "      <th>Post Shares</th>\n",
       "      <th>Post Comments</th>\n",
       "      <th>Post Reactions</th>\n",
       "      <th>Cost per Website Registration Completed (USD)</th>\n",
       "      <th>Cost per Website Lead (USD)</th>\n",
       "    </tr>\n",
       "  </thead>\n",
       "  <tbody>\n",
       "    <tr>\n",
       "      <th>0</th>\n",
       "      <td>Ad Set 1</td>\n",
       "      <td>35-44</td>\n",
       "      <td>unknown</td>\n",
       "      <td>152</td>\n",
       "      <td>1.421053</td>\n",
       "      <td>3.12</td>\n",
       "      <td>216</td>\n",
       "      <td>14.444444</td>\n",
       "      <td>NaN</td>\n",
       "      <td>NaN</td>\n",
       "      <td>NaN</td>\n",
       "      <td>20.526316</td>\n",
       "      <td>NaN</td>\n",
       "      <td>NaN</td>\n",
       "      <td>1.0</td>\n",
       "      <td>NaN</td>\n",
       "      <td>5.0</td>\n",
       "      <td>NaN</td>\n",
       "      <td>NaN</td>\n",
       "    </tr>\n",
       "    <tr>\n",
       "      <th>1</th>\n",
       "      <td>Ad Set 1</td>\n",
       "      <td>35-44</td>\n",
       "      <td>female</td>\n",
       "      <td>6777</td>\n",
       "      <td>1.091486</td>\n",
       "      <td>101.53</td>\n",
       "      <td>7397</td>\n",
       "      <td>13.725835</td>\n",
       "      <td>21.0</td>\n",
       "      <td>4.834762</td>\n",
       "      <td>0.283899</td>\n",
       "      <td>14.981555</td>\n",
       "      <td>NaN</td>\n",
       "      <td>NaN</td>\n",
       "      <td>30.0</td>\n",
       "      <td>8.0</td>\n",
       "      <td>258.0</td>\n",
       "      <td>NaN</td>\n",
       "      <td>NaN</td>\n",
       "    </tr>\n",
       "    <tr>\n",
       "      <th>2</th>\n",
       "      <td>Ad Set 1</td>\n",
       "      <td>35-44</td>\n",
       "      <td>male</td>\n",
       "      <td>6041</td>\n",
       "      <td>1.191359</td>\n",
       "      <td>70.83</td>\n",
       "      <td>7197</td>\n",
       "      <td>9.841601</td>\n",
       "      <td>21.0</td>\n",
       "      <td>3.372857</td>\n",
       "      <td>0.291788</td>\n",
       "      <td>11.724880</td>\n",
       "      <td>NaN</td>\n",
       "      <td>5.0</td>\n",
       "      <td>50.0</td>\n",
       "      <td>18.0</td>\n",
       "      <td>283.0</td>\n",
       "      <td>NaN</td>\n",
       "      <td>14.166</td>\n",
       "    </tr>\n",
       "    <tr>\n",
       "      <th>3</th>\n",
       "      <td>Ad Set 1</td>\n",
       "      <td>25-34</td>\n",
       "      <td>unknown</td>\n",
       "      <td>314</td>\n",
       "      <td>1.000000</td>\n",
       "      <td>3.34</td>\n",
       "      <td>314</td>\n",
       "      <td>10.636943</td>\n",
       "      <td>1.0</td>\n",
       "      <td>3.340000</td>\n",
       "      <td>0.318471</td>\n",
       "      <td>10.636943</td>\n",
       "      <td>NaN</td>\n",
       "      <td>NaN</td>\n",
       "      <td>2.0</td>\n",
       "      <td>2.0</td>\n",
       "      <td>9.0</td>\n",
       "      <td>NaN</td>\n",
       "      <td>NaN</td>\n",
       "    </tr>\n",
       "    <tr>\n",
       "      <th>4</th>\n",
       "      <td>Ad Set 1</td>\n",
       "      <td>25-34</td>\n",
       "      <td>male</td>\n",
       "      <td>7184</td>\n",
       "      <td>1.092567</td>\n",
       "      <td>63.25</td>\n",
       "      <td>7849</td>\n",
       "      <td>8.058351</td>\n",
       "      <td>20.0</td>\n",
       "      <td>3.162500</td>\n",
       "      <td>0.254810</td>\n",
       "      <td>8.804287</td>\n",
       "      <td>NaN</td>\n",
       "      <td>2.0</td>\n",
       "      <td>36.0</td>\n",
       "      <td>28.0</td>\n",
       "      <td>218.0</td>\n",
       "      <td>NaN</td>\n",
       "      <td>31.625</td>\n",
       "    </tr>\n",
       "  </tbody>\n",
       "</table>\n",
       "</div>"
      ],
      "text/plain": [
       "  Ad_Set_Name    Age   Gender  Reach  Frequency  Amount Spent (USD)  \\\n",
       "0    Ad Set 1  35-44  unknown    152   1.421053                3.12   \n",
       "1    Ad Set 1  35-44   female   6777   1.091486              101.53   \n",
       "2    Ad Set 1  35-44     male   6041   1.191359               70.83   \n",
       "3    Ad Set 1  25-34  unknown    314   1.000000                3.34   \n",
       "4    Ad Set 1  25-34     male   7184   1.092567               63.25   \n",
       "\n",
       "   Impressions  CPM (Cost per 1,000 Impressions) (USD)  Link Clicks  \\\n",
       "0          216                               14.444444          NaN   \n",
       "1         7397                               13.725835         21.0   \n",
       "2         7197                                9.841601         21.0   \n",
       "3          314                               10.636943          1.0   \n",
       "4         7849                                8.058351         20.0   \n",
       "\n",
       "   CPC (Cost per Link Click) (USD)  CTR (Link Click-Through Rate)  \\\n",
       "0                              NaN                            NaN   \n",
       "1                         4.834762                       0.283899   \n",
       "2                         3.372857                       0.291788   \n",
       "3                         3.340000                       0.318471   \n",
       "4                         3.162500                       0.254810   \n",
       "\n",
       "   Cost per 1,000 People Reached (USD)  Website Registrations Completed  \\\n",
       "0                            20.526316                              NaN   \n",
       "1                            14.981555                              NaN   \n",
       "2                            11.724880                              NaN   \n",
       "3                            10.636943                              NaN   \n",
       "4                             8.804287                              NaN   \n",
       "\n",
       "   Website Leads  Post Shares  Post Comments  Post Reactions  \\\n",
       "0            NaN          1.0            NaN             5.0   \n",
       "1            NaN         30.0            8.0           258.0   \n",
       "2            5.0         50.0           18.0           283.0   \n",
       "3            NaN          2.0            2.0             9.0   \n",
       "4            2.0         36.0           28.0           218.0   \n",
       "\n",
       "   Cost per Website Registration Completed (USD)  Cost per Website Lead (USD)  \n",
       "0                                            NaN                          NaN  \n",
       "1                                            NaN                          NaN  \n",
       "2                                            NaN                       14.166  \n",
       "3                                            NaN                          NaN  \n",
       "4                                            NaN                       31.625  "
      ]
     },
     "execution_count": 4,
     "metadata": {},
     "output_type": "execute_result"
    }
   ],
   "source": [
    "# First Five 5 observations\n",
    "arc_df.head()"
   ]
  },
  {
   "cell_type": "markdown",
   "metadata": {},
   "source": [
    "# Data Cleaning & Preparation\n",
    "* Check and impute NAs\n",
    "* Rename columns for quicker selection\n",
    "* Create new features: Conversion rates - To be used as outcome feature in predictive model\n",
    "* Check for multicollinearity \n",
    "* Select features that are not linearly dependent on each other: e.g *Reach* vs *Link Clicks*: you can't have a nonzero value on *Link Clicks* when *Reach* = 0\n",
    "\n",
    "**Assumptions**\n",
    "* **NA** in some columns means no action taken by the customer. For example **NAs** in *Website Registrations Completed* column means that the customer did not complete registration hence 0 registrations for the specific *Ad Set*\n",
    "* Cost per Website Registration Completed (CPR) = Customer Acquisition Cost"
   ]
  },
  {
   "cell_type": "code",
   "execution_count": 5,
   "metadata": {},
   "outputs": [
    {
     "data": {
      "text/plain": [
       "Ad_Set_Name                                        0\n",
       "Age                                                0\n",
       "Gender                                             0\n",
       "Reach                                              0\n",
       "Frequency                                          0\n",
       "Amount Spent (USD)                                 0\n",
       "Impressions                                        0\n",
       "CPM (Cost per 1,000 Impressions) (USD)             0\n",
       "Link Clicks                                       62\n",
       "CPC (Cost per Link Click) (USD)                   62\n",
       "CTR (Link Click-Through Rate)                     62\n",
       "Cost per 1,000 People Reached (USD)                0\n",
       "Website Registrations Completed                  159\n",
       "Website Leads                                    113\n",
       "Post Shares                                      140\n",
       "Post Comments                                    180\n",
       "Post Reactions                                    98\n",
       "Cost per Website Registration Completed (USD)    159\n",
       "Cost per Website Lead (USD)                      113\n",
       "dtype: int64"
      ]
     },
     "execution_count": 5,
     "metadata": {},
     "output_type": "execute_result"
    }
   ],
   "source": [
    "# Check for NAs per column\n",
    "arc_df.isna().sum()"
   ]
  },
  {
   "cell_type": "code",
   "execution_count": 6,
   "metadata": {},
   "outputs": [],
   "source": [
    "# Missing Values imputation with 0\n",
    "arc_df[['Website Registrations Completed','Post Shares','Post Comments','Post Reactions' , 'Link Clicks']] = arc_df[['Website Registrations Completed', 'Post Shares', 'Post Comments','Post Reactions' , 'Link Clicks']].fillna(value=0)"
   ]
  },
  {
   "cell_type": "code",
   "execution_count": 7,
   "metadata": {},
   "outputs": [],
   "source": [
    "# Rename columns\n",
    "arc_df.rename(columns = {'CPM (Cost per 1,000 Impressions) (USD)':'cpm', 'Link Clicks': 'link_clicks'},inplace = True)\n",
    "arc_df.rename(columns = {'CPC (Cost per Link Click) (USD)':'cpc', 'CTR (Link Click-Through Rate)': 'ctr'},inplace = True)\n",
    "arc_df.rename(columns = {'Cost per 1,000 People Reached (USD)': 'cppr', 'Website Leads': 'website_leads' },inplace = True)\n",
    "arc_df.rename(columns = {'Post Shares': 'post_shares', 'Post Reactions':'post_reactions', 'Post Comments': 'post_comments' },inplace = True)\n",
    "arc_df.rename(columns = {'Website Registrations Completed':'reg_completed', 'Amount Spent (USD)': 'amount_spent'},inplace = True)\n",
    "arc_df.rename(columns = {'Cost per Website Registration Completed (USD)':'cpr', 'Cost per Website Lead (USD)': 'cpl'},inplace = True)"
   ]
  },
  {
   "cell_type": "code",
   "execution_count": 8,
   "metadata": {},
   "outputs": [],
   "source": [
    "# Create new features : Conversion rates based on completed registrations, reach and impressions\n",
    "arc_df['conv_rate_1'] = (arc_df.reg_completed/arc_df.Reach)*100\n",
    "arc_df['conv_rate_2'] = (arc_df.reg_completed/arc_df.Impressions)*100"
   ]
  },
  {
   "cell_type": "code",
   "execution_count": 9,
   "metadata": {},
   "outputs": [
    {
     "data": {
      "text/html": [
       "<div>\n",
       "<style scoped>\n",
       "    .dataframe tbody tr th:only-of-type {\n",
       "        vertical-align: middle;\n",
       "    }\n",
       "\n",
       "    .dataframe tbody tr th {\n",
       "        vertical-align: top;\n",
       "    }\n",
       "\n",
       "    .dataframe thead th {\n",
       "        text-align: right;\n",
       "    }\n",
       "</style>\n",
       "<table border=\"1\" class=\"dataframe\">\n",
       "  <thead>\n",
       "    <tr style=\"text-align: right;\">\n",
       "      <th></th>\n",
       "      <th>Reach</th>\n",
       "      <th>Frequency</th>\n",
       "      <th>amount_spent</th>\n",
       "      <th>Impressions</th>\n",
       "      <th>cpm</th>\n",
       "      <th>link_clicks</th>\n",
       "      <th>cpc</th>\n",
       "      <th>ctr</th>\n",
       "      <th>cppr</th>\n",
       "      <th>reg_completed</th>\n",
       "      <th>website_leads</th>\n",
       "      <th>post_shares</th>\n",
       "      <th>post_comments</th>\n",
       "      <th>post_reactions</th>\n",
       "      <th>cpr</th>\n",
       "      <th>cpl</th>\n",
       "      <th>conv_rate_1</th>\n",
       "      <th>conv_rate_2</th>\n",
       "    </tr>\n",
       "  </thead>\n",
       "  <tbody>\n",
       "    <tr>\n",
       "      <th>Reach</th>\n",
       "      <td>1.000000</td>\n",
       "      <td>0.249212</td>\n",
       "      <td>0.973288</td>\n",
       "      <td>0.995098</td>\n",
       "      <td>-0.084762</td>\n",
       "      <td>0.958833</td>\n",
       "      <td>-0.257044</td>\n",
       "      <td>0.124054</td>\n",
       "      <td>0.107476</td>\n",
       "      <td>0.906966</td>\n",
       "      <td>0.858857</td>\n",
       "      <td>0.640184</td>\n",
       "      <td>0.734287</td>\n",
       "      <td>0.461024</td>\n",
       "      <td>-0.038099</td>\n",
       "      <td>-0.095636</td>\n",
       "      <td>0.262226</td>\n",
       "      <td>0.261039</td>\n",
       "    </tr>\n",
       "    <tr>\n",
       "      <th>Frequency</th>\n",
       "      <td>0.249212</td>\n",
       "      <td>1.000000</td>\n",
       "      <td>0.243746</td>\n",
       "      <td>0.251540</td>\n",
       "      <td>-0.090739</td>\n",
       "      <td>0.224271</td>\n",
       "      <td>-0.360729</td>\n",
       "      <td>0.222893</td>\n",
       "      <td>0.696325</td>\n",
       "      <td>0.189809</td>\n",
       "      <td>0.206669</td>\n",
       "      <td>0.233789</td>\n",
       "      <td>0.204071</td>\n",
       "      <td>0.177871</td>\n",
       "      <td>-0.060672</td>\n",
       "      <td>-0.152867</td>\n",
       "      <td>0.170199</td>\n",
       "      <td>0.202142</td>\n",
       "    </tr>\n",
       "    <tr>\n",
       "      <th>amount_spent</th>\n",
       "      <td>0.973288</td>\n",
       "      <td>0.243746</td>\n",
       "      <td>1.000000</td>\n",
       "      <td>0.972645</td>\n",
       "      <td>-0.027338</td>\n",
       "      <td>0.974169</td>\n",
       "      <td>-0.243556</td>\n",
       "      <td>0.164131</td>\n",
       "      <td>0.169959</td>\n",
       "      <td>0.933965</td>\n",
       "      <td>0.909855</td>\n",
       "      <td>0.612483</td>\n",
       "      <td>0.678393</td>\n",
       "      <td>0.395461</td>\n",
       "      <td>-0.033215</td>\n",
       "      <td>-0.116144</td>\n",
       "      <td>0.281771</td>\n",
       "      <td>0.278333</td>\n",
       "    </tr>\n",
       "    <tr>\n",
       "      <th>Impressions</th>\n",
       "      <td>0.995098</td>\n",
       "      <td>0.251540</td>\n",
       "      <td>0.972645</td>\n",
       "      <td>1.000000</td>\n",
       "      <td>-0.087423</td>\n",
       "      <td>0.960163</td>\n",
       "      <td>-0.254006</td>\n",
       "      <td>0.125512</td>\n",
       "      <td>0.104521</td>\n",
       "      <td>0.911610</td>\n",
       "      <td>0.850910</td>\n",
       "      <td>0.670319</td>\n",
       "      <td>0.734013</td>\n",
       "      <td>0.462771</td>\n",
       "      <td>-0.054560</td>\n",
       "      <td>-0.104242</td>\n",
       "      <td>0.257170</td>\n",
       "      <td>0.249860</td>\n",
       "    </tr>\n",
       "    <tr>\n",
       "      <th>cpm</th>\n",
       "      <td>-0.084762</td>\n",
       "      <td>-0.090739</td>\n",
       "      <td>-0.027338</td>\n",
       "      <td>-0.087423</td>\n",
       "      <td>1.000000</td>\n",
       "      <td>-0.049142</td>\n",
       "      <td>0.298700</td>\n",
       "      <td>0.122370</td>\n",
       "      <td>0.401479</td>\n",
       "      <td>-0.032168</td>\n",
       "      <td>-0.058327</td>\n",
       "      <td>-0.139935</td>\n",
       "      <td>-0.173876</td>\n",
       "      <td>-0.209246</td>\n",
       "      <td>0.055919</td>\n",
       "      <td>0.069379</td>\n",
       "      <td>0.099472</td>\n",
       "      <td>0.086696</td>\n",
       "    </tr>\n",
       "    <tr>\n",
       "      <th>link_clicks</th>\n",
       "      <td>0.958833</td>\n",
       "      <td>0.224271</td>\n",
       "      <td>0.974169</td>\n",
       "      <td>0.960163</td>\n",
       "      <td>-0.049142</td>\n",
       "      <td>1.000000</td>\n",
       "      <td>-0.272973</td>\n",
       "      <td>0.228534</td>\n",
       "      <td>0.127803</td>\n",
       "      <td>0.923873</td>\n",
       "      <td>0.946264</td>\n",
       "      <td>0.561966</td>\n",
       "      <td>0.675178</td>\n",
       "      <td>0.344307</td>\n",
       "      <td>-0.058258</td>\n",
       "      <td>-0.152842</td>\n",
       "      <td>0.253447</td>\n",
       "      <td>0.243433</td>\n",
       "    </tr>\n",
       "    <tr>\n",
       "      <th>cpc</th>\n",
       "      <td>-0.257044</td>\n",
       "      <td>-0.360729</td>\n",
       "      <td>-0.243556</td>\n",
       "      <td>-0.254006</td>\n",
       "      <td>0.298700</td>\n",
       "      <td>-0.272973</td>\n",
       "      <td>1.000000</td>\n",
       "      <td>-0.666967</td>\n",
       "      <td>0.124283</td>\n",
       "      <td>-0.195718</td>\n",
       "      <td>-0.268627</td>\n",
       "      <td>-0.142953</td>\n",
       "      <td>-0.173388</td>\n",
       "      <td>-0.032727</td>\n",
       "      <td>-0.137433</td>\n",
       "      <td>0.209229</td>\n",
       "      <td>-0.074813</td>\n",
       "      <td>-0.041393</td>\n",
       "    </tr>\n",
       "    <tr>\n",
       "      <th>ctr</th>\n",
       "      <td>0.124054</td>\n",
       "      <td>0.222893</td>\n",
       "      <td>0.164131</td>\n",
       "      <td>0.125512</td>\n",
       "      <td>0.122370</td>\n",
       "      <td>0.228534</td>\n",
       "      <td>-0.666967</td>\n",
       "      <td>1.000000</td>\n",
       "      <td>0.245468</td>\n",
       "      <td>0.143311</td>\n",
       "      <td>0.347425</td>\n",
       "      <td>-0.049436</td>\n",
       "      <td>-0.015742</td>\n",
       "      <td>-0.216701</td>\n",
       "      <td>0.100090</td>\n",
       "      <td>-0.296840</td>\n",
       "      <td>0.019086</td>\n",
       "      <td>-0.000403</td>\n",
       "    </tr>\n",
       "    <tr>\n",
       "      <th>cppr</th>\n",
       "      <td>0.107476</td>\n",
       "      <td>0.696325</td>\n",
       "      <td>0.169959</td>\n",
       "      <td>0.104521</td>\n",
       "      <td>0.401479</td>\n",
       "      <td>0.127803</td>\n",
       "      <td>0.124283</td>\n",
       "      <td>0.245468</td>\n",
       "      <td>1.000000</td>\n",
       "      <td>0.118017</td>\n",
       "      <td>0.069227</td>\n",
       "      <td>0.029973</td>\n",
       "      <td>-0.027304</td>\n",
       "      <td>-0.088348</td>\n",
       "      <td>0.039545</td>\n",
       "      <td>-0.021475</td>\n",
       "      <td>0.186010</td>\n",
       "      <td>0.259528</td>\n",
       "    </tr>\n",
       "    <tr>\n",
       "      <th>reg_completed</th>\n",
       "      <td>0.906966</td>\n",
       "      <td>0.189809</td>\n",
       "      <td>0.933965</td>\n",
       "      <td>0.911610</td>\n",
       "      <td>-0.032168</td>\n",
       "      <td>0.923873</td>\n",
       "      <td>-0.195718</td>\n",
       "      <td>0.143311</td>\n",
       "      <td>0.118017</td>\n",
       "      <td>1.000000</td>\n",
       "      <td>0.909776</td>\n",
       "      <td>0.504456</td>\n",
       "      <td>0.582216</td>\n",
       "      <td>0.323425</td>\n",
       "      <td>-0.240266</td>\n",
       "      <td>-0.181613</td>\n",
       "      <td>0.343720</td>\n",
       "      <td>0.335812</td>\n",
       "    </tr>\n",
       "    <tr>\n",
       "      <th>website_leads</th>\n",
       "      <td>0.858857</td>\n",
       "      <td>0.206669</td>\n",
       "      <td>0.909855</td>\n",
       "      <td>0.850910</td>\n",
       "      <td>-0.058327</td>\n",
       "      <td>0.946264</td>\n",
       "      <td>-0.268627</td>\n",
       "      <td>0.347425</td>\n",
       "      <td>0.069227</td>\n",
       "      <td>0.909776</td>\n",
       "      <td>1.000000</td>\n",
       "      <td>0.351297</td>\n",
       "      <td>0.516986</td>\n",
       "      <td>0.221163</td>\n",
       "      <td>-0.116172</td>\n",
       "      <td>-0.232269</td>\n",
       "      <td>0.164237</td>\n",
       "      <td>0.136683</td>\n",
       "    </tr>\n",
       "    <tr>\n",
       "      <th>post_shares</th>\n",
       "      <td>0.640184</td>\n",
       "      <td>0.233789</td>\n",
       "      <td>0.612483</td>\n",
       "      <td>0.670319</td>\n",
       "      <td>-0.139935</td>\n",
       "      <td>0.561966</td>\n",
       "      <td>-0.142953</td>\n",
       "      <td>-0.049436</td>\n",
       "      <td>0.029973</td>\n",
       "      <td>0.504456</td>\n",
       "      <td>0.351297</td>\n",
       "      <td>1.000000</td>\n",
       "      <td>0.791158</td>\n",
       "      <td>0.791109</td>\n",
       "      <td>-0.037903</td>\n",
       "      <td>-0.016886</td>\n",
       "      <td>0.160412</td>\n",
       "      <td>0.148912</td>\n",
       "    </tr>\n",
       "    <tr>\n",
       "      <th>post_comments</th>\n",
       "      <td>0.734287</td>\n",
       "      <td>0.204071</td>\n",
       "      <td>0.678393</td>\n",
       "      <td>0.734013</td>\n",
       "      <td>-0.173876</td>\n",
       "      <td>0.675178</td>\n",
       "      <td>-0.173388</td>\n",
       "      <td>-0.015742</td>\n",
       "      <td>-0.027304</td>\n",
       "      <td>0.582216</td>\n",
       "      <td>0.516986</td>\n",
       "      <td>0.791158</td>\n",
       "      <td>1.000000</td>\n",
       "      <td>0.736638</td>\n",
       "      <td>-0.025534</td>\n",
       "      <td>-0.025227</td>\n",
       "      <td>0.141537</td>\n",
       "      <td>0.138988</td>\n",
       "    </tr>\n",
       "    <tr>\n",
       "      <th>post_reactions</th>\n",
       "      <td>0.461024</td>\n",
       "      <td>0.177871</td>\n",
       "      <td>0.395461</td>\n",
       "      <td>0.462771</td>\n",
       "      <td>-0.209246</td>\n",
       "      <td>0.344307</td>\n",
       "      <td>-0.032727</td>\n",
       "      <td>-0.216701</td>\n",
       "      <td>-0.088348</td>\n",
       "      <td>0.323425</td>\n",
       "      <td>0.221163</td>\n",
       "      <td>0.791109</td>\n",
       "      <td>0.736638</td>\n",
       "      <td>1.000000</td>\n",
       "      <td>-0.090708</td>\n",
       "      <td>-0.013822</td>\n",
       "      <td>0.090675</td>\n",
       "      <td>0.098355</td>\n",
       "    </tr>\n",
       "    <tr>\n",
       "      <th>cpr</th>\n",
       "      <td>-0.038099</td>\n",
       "      <td>-0.060672</td>\n",
       "      <td>-0.033215</td>\n",
       "      <td>-0.054560</td>\n",
       "      <td>0.055919</td>\n",
       "      <td>-0.058258</td>\n",
       "      <td>-0.137433</td>\n",
       "      <td>0.100090</td>\n",
       "      <td>0.039545</td>\n",
       "      <td>-0.240266</td>\n",
       "      <td>-0.116172</td>\n",
       "      <td>-0.037903</td>\n",
       "      <td>-0.025534</td>\n",
       "      <td>-0.090708</td>\n",
       "      <td>1.000000</td>\n",
       "      <td>0.329143</td>\n",
       "      <td>-0.627143</td>\n",
       "      <td>-0.654824</td>\n",
       "    </tr>\n",
       "    <tr>\n",
       "      <th>cpl</th>\n",
       "      <td>-0.095636</td>\n",
       "      <td>-0.152867</td>\n",
       "      <td>-0.116144</td>\n",
       "      <td>-0.104242</td>\n",
       "      <td>0.069379</td>\n",
       "      <td>-0.152842</td>\n",
       "      <td>0.209229</td>\n",
       "      <td>-0.296840</td>\n",
       "      <td>-0.021475</td>\n",
       "      <td>-0.181613</td>\n",
       "      <td>-0.232269</td>\n",
       "      <td>-0.016886</td>\n",
       "      <td>-0.025227</td>\n",
       "      <td>-0.013822</td>\n",
       "      <td>0.329143</td>\n",
       "      <td>1.000000</td>\n",
       "      <td>-0.244878</td>\n",
       "      <td>-0.239612</td>\n",
       "    </tr>\n",
       "    <tr>\n",
       "      <th>conv_rate_1</th>\n",
       "      <td>0.262226</td>\n",
       "      <td>0.170199</td>\n",
       "      <td>0.281771</td>\n",
       "      <td>0.257170</td>\n",
       "      <td>0.099472</td>\n",
       "      <td>0.253447</td>\n",
       "      <td>-0.074813</td>\n",
       "      <td>0.019086</td>\n",
       "      <td>0.186010</td>\n",
       "      <td>0.343720</td>\n",
       "      <td>0.164237</td>\n",
       "      <td>0.160412</td>\n",
       "      <td>0.141537</td>\n",
       "      <td>0.090675</td>\n",
       "      <td>-0.627143</td>\n",
       "      <td>-0.244878</td>\n",
       "      <td>1.000000</td>\n",
       "      <td>0.986029</td>\n",
       "    </tr>\n",
       "    <tr>\n",
       "      <th>conv_rate_2</th>\n",
       "      <td>0.261039</td>\n",
       "      <td>0.202142</td>\n",
       "      <td>0.278333</td>\n",
       "      <td>0.249860</td>\n",
       "      <td>0.086696</td>\n",
       "      <td>0.243433</td>\n",
       "      <td>-0.041393</td>\n",
       "      <td>-0.000403</td>\n",
       "      <td>0.259528</td>\n",
       "      <td>0.335812</td>\n",
       "      <td>0.136683</td>\n",
       "      <td>0.148912</td>\n",
       "      <td>0.138988</td>\n",
       "      <td>0.098355</td>\n",
       "      <td>-0.654824</td>\n",
       "      <td>-0.239612</td>\n",
       "      <td>0.986029</td>\n",
       "      <td>1.000000</td>\n",
       "    </tr>\n",
       "  </tbody>\n",
       "</table>\n",
       "</div>"
      ],
      "text/plain": [
       "                   Reach  Frequency  amount_spent  Impressions       cpm  \\\n",
       "Reach           1.000000   0.249212      0.973288     0.995098 -0.084762   \n",
       "Frequency       0.249212   1.000000      0.243746     0.251540 -0.090739   \n",
       "amount_spent    0.973288   0.243746      1.000000     0.972645 -0.027338   \n",
       "Impressions     0.995098   0.251540      0.972645     1.000000 -0.087423   \n",
       "cpm            -0.084762  -0.090739     -0.027338    -0.087423  1.000000   \n",
       "link_clicks     0.958833   0.224271      0.974169     0.960163 -0.049142   \n",
       "cpc            -0.257044  -0.360729     -0.243556    -0.254006  0.298700   \n",
       "ctr             0.124054   0.222893      0.164131     0.125512  0.122370   \n",
       "cppr            0.107476   0.696325      0.169959     0.104521  0.401479   \n",
       "reg_completed   0.906966   0.189809      0.933965     0.911610 -0.032168   \n",
       "website_leads   0.858857   0.206669      0.909855     0.850910 -0.058327   \n",
       "post_shares     0.640184   0.233789      0.612483     0.670319 -0.139935   \n",
       "post_comments   0.734287   0.204071      0.678393     0.734013 -0.173876   \n",
       "post_reactions  0.461024   0.177871      0.395461     0.462771 -0.209246   \n",
       "cpr            -0.038099  -0.060672     -0.033215    -0.054560  0.055919   \n",
       "cpl            -0.095636  -0.152867     -0.116144    -0.104242  0.069379   \n",
       "conv_rate_1     0.262226   0.170199      0.281771     0.257170  0.099472   \n",
       "conv_rate_2     0.261039   0.202142      0.278333     0.249860  0.086696   \n",
       "\n",
       "                link_clicks       cpc       ctr      cppr  reg_completed  \\\n",
       "Reach              0.958833 -0.257044  0.124054  0.107476       0.906966   \n",
       "Frequency          0.224271 -0.360729  0.222893  0.696325       0.189809   \n",
       "amount_spent       0.974169 -0.243556  0.164131  0.169959       0.933965   \n",
       "Impressions        0.960163 -0.254006  0.125512  0.104521       0.911610   \n",
       "cpm               -0.049142  0.298700  0.122370  0.401479      -0.032168   \n",
       "link_clicks        1.000000 -0.272973  0.228534  0.127803       0.923873   \n",
       "cpc               -0.272973  1.000000 -0.666967  0.124283      -0.195718   \n",
       "ctr                0.228534 -0.666967  1.000000  0.245468       0.143311   \n",
       "cppr               0.127803  0.124283  0.245468  1.000000       0.118017   \n",
       "reg_completed      0.923873 -0.195718  0.143311  0.118017       1.000000   \n",
       "website_leads      0.946264 -0.268627  0.347425  0.069227       0.909776   \n",
       "post_shares        0.561966 -0.142953 -0.049436  0.029973       0.504456   \n",
       "post_comments      0.675178 -0.173388 -0.015742 -0.027304       0.582216   \n",
       "post_reactions     0.344307 -0.032727 -0.216701 -0.088348       0.323425   \n",
       "cpr               -0.058258 -0.137433  0.100090  0.039545      -0.240266   \n",
       "cpl               -0.152842  0.209229 -0.296840 -0.021475      -0.181613   \n",
       "conv_rate_1        0.253447 -0.074813  0.019086  0.186010       0.343720   \n",
       "conv_rate_2        0.243433 -0.041393 -0.000403  0.259528       0.335812   \n",
       "\n",
       "                website_leads  post_shares  post_comments  post_reactions  \\\n",
       "Reach                0.858857     0.640184       0.734287        0.461024   \n",
       "Frequency            0.206669     0.233789       0.204071        0.177871   \n",
       "amount_spent         0.909855     0.612483       0.678393        0.395461   \n",
       "Impressions          0.850910     0.670319       0.734013        0.462771   \n",
       "cpm                 -0.058327    -0.139935      -0.173876       -0.209246   \n",
       "link_clicks          0.946264     0.561966       0.675178        0.344307   \n",
       "cpc                 -0.268627    -0.142953      -0.173388       -0.032727   \n",
       "ctr                  0.347425    -0.049436      -0.015742       -0.216701   \n",
       "cppr                 0.069227     0.029973      -0.027304       -0.088348   \n",
       "reg_completed        0.909776     0.504456       0.582216        0.323425   \n",
       "website_leads        1.000000     0.351297       0.516986        0.221163   \n",
       "post_shares          0.351297     1.000000       0.791158        0.791109   \n",
       "post_comments        0.516986     0.791158       1.000000        0.736638   \n",
       "post_reactions       0.221163     0.791109       0.736638        1.000000   \n",
       "cpr                 -0.116172    -0.037903      -0.025534       -0.090708   \n",
       "cpl                 -0.232269    -0.016886      -0.025227       -0.013822   \n",
       "conv_rate_1          0.164237     0.160412       0.141537        0.090675   \n",
       "conv_rate_2          0.136683     0.148912       0.138988        0.098355   \n",
       "\n",
       "                     cpr       cpl  conv_rate_1  conv_rate_2  \n",
       "Reach          -0.038099 -0.095636     0.262226     0.261039  \n",
       "Frequency      -0.060672 -0.152867     0.170199     0.202142  \n",
       "amount_spent   -0.033215 -0.116144     0.281771     0.278333  \n",
       "Impressions    -0.054560 -0.104242     0.257170     0.249860  \n",
       "cpm             0.055919  0.069379     0.099472     0.086696  \n",
       "link_clicks    -0.058258 -0.152842     0.253447     0.243433  \n",
       "cpc            -0.137433  0.209229    -0.074813    -0.041393  \n",
       "ctr             0.100090 -0.296840     0.019086    -0.000403  \n",
       "cppr            0.039545 -0.021475     0.186010     0.259528  \n",
       "reg_completed  -0.240266 -0.181613     0.343720     0.335812  \n",
       "website_leads  -0.116172 -0.232269     0.164237     0.136683  \n",
       "post_shares    -0.037903 -0.016886     0.160412     0.148912  \n",
       "post_comments  -0.025534 -0.025227     0.141537     0.138988  \n",
       "post_reactions -0.090708 -0.013822     0.090675     0.098355  \n",
       "cpr             1.000000  0.329143    -0.627143    -0.654824  \n",
       "cpl             0.329143  1.000000    -0.244878    -0.239612  \n",
       "conv_rate_1    -0.627143 -0.244878     1.000000     0.986029  \n",
       "conv_rate_2    -0.654824 -0.239612     0.986029     1.000000  "
      ]
     },
     "execution_count": 9,
     "metadata": {},
     "output_type": "execute_result"
    }
   ],
   "source": [
    "# Check for Correlations\n",
    "arc_df.corr(method ='pearson')"
   ]
  },
  {
   "cell_type": "code",
   "execution_count": 10,
   "metadata": {},
   "outputs": [],
   "source": [
    "# Select relevant columns only: Drop correlated or variabels that are linearly dependent with conv_rate_1\n",
    "df_sum = arc_df.drop(['cpm','amount_spent', 'cpc', 'ctr', 'cppr', 'website_leads', 'cpl', 'link_clicks', 'Impressions', 'post_comments'], axis=1)"
   ]
  },
  {
   "cell_type": "markdown",
   "metadata": {},
   "source": [
    "# Descriptive statistics\n",
    "* Ad campaign is targeting people aged 25-44 years\n",
    "    * More likely to be on FB, pay utilities for apartment/house and view clean energy more favorably\n",
    "    * But Conversion rate is very low (max = 0.41% ~ 4 acquired customers for every 1000 reached) \n",
    "* Ad frequency has positive impact in increasing completed registrations & conversion rates\n",
    "* Ad reactions is associated with high conversion rate\n",
    "* Currently, almost 50:50 split for target acquisition cost of USD50 per customer\n",
    "    * 49% of ads have CPR below USD50\n",
    "    * 51% of ads have CPR above USD50\n",
    "    * Need to redesign strategy for ads whose CPR is above USD50\n",
    "* Minimal conversion rate differences across gender and age groups"
   ]
  },
  {
   "cell_type": "code",
   "execution_count": 11,
   "metadata": {},
   "outputs": [
    {
     "data": {
      "text/html": [
       "<div>\n",
       "<style scoped>\n",
       "    .dataframe tbody tr th:only-of-type {\n",
       "        vertical-align: middle;\n",
       "    }\n",
       "\n",
       "    .dataframe tbody tr th {\n",
       "        vertical-align: top;\n",
       "    }\n",
       "\n",
       "    .dataframe thead th {\n",
       "        text-align: right;\n",
       "    }\n",
       "</style>\n",
       "<table border=\"1\" class=\"dataframe\">\n",
       "  <thead>\n",
       "    <tr style=\"text-align: right;\">\n",
       "      <th></th>\n",
       "      <th>Reach</th>\n",
       "      <th>Frequency</th>\n",
       "      <th>reg_completed</th>\n",
       "      <th>post_shares</th>\n",
       "      <th>post_reactions</th>\n",
       "      <th>cpr</th>\n",
       "      <th>conv_rate_1</th>\n",
       "      <th>conv_rate_2</th>\n",
       "    </tr>\n",
       "  </thead>\n",
       "  <tbody>\n",
       "    <tr>\n",
       "      <th>count</th>\n",
       "      <td>259.000000</td>\n",
       "      <td>259.000000</td>\n",
       "      <td>259.000000</td>\n",
       "      <td>259.000000</td>\n",
       "      <td>259.000000</td>\n",
       "      <td>100.000000</td>\n",
       "      <td>235.000000</td>\n",
       "      <td>259.000000</td>\n",
       "    </tr>\n",
       "    <tr>\n",
       "      <th>mean</th>\n",
       "      <td>3671.100386</td>\n",
       "      <td>1.010491</td>\n",
       "      <td>2.208494</td>\n",
       "      <td>4.243243</td>\n",
       "      <td>15.915058</td>\n",
       "      <td>64.394784</td>\n",
       "      <td>0.032835</td>\n",
       "      <td>0.026204</td>\n",
       "    </tr>\n",
       "    <tr>\n",
       "      <th>std</th>\n",
       "      <td>7308.108027</td>\n",
       "      <td>0.356852</td>\n",
       "      <td>6.699746</td>\n",
       "      <td>10.603436</td>\n",
       "      <td>39.319509</td>\n",
       "      <td>42.744967</td>\n",
       "      <td>0.055902</td>\n",
       "      <td>0.046121</td>\n",
       "    </tr>\n",
       "    <tr>\n",
       "      <th>min</th>\n",
       "      <td>0.000000</td>\n",
       "      <td>0.000000</td>\n",
       "      <td>0.000000</td>\n",
       "      <td>0.000000</td>\n",
       "      <td>0.000000</td>\n",
       "      <td>9.030000</td>\n",
       "      <td>0.000000</td>\n",
       "      <td>0.000000</td>\n",
       "    </tr>\n",
       "    <tr>\n",
       "      <th>25%</th>\n",
       "      <td>116.000000</td>\n",
       "      <td>1.000000</td>\n",
       "      <td>0.000000</td>\n",
       "      <td>0.000000</td>\n",
       "      <td>0.000000</td>\n",
       "      <td>35.511250</td>\n",
       "      <td>0.000000</td>\n",
       "      <td>0.000000</td>\n",
       "    </tr>\n",
       "    <tr>\n",
       "      <th>50%</th>\n",
